000000000000000000000000000000000000000000000000000000000000
000000000000000000000000000000000000000000000000000000000000
000000000000000000000000000000000000000000000000000000000000
000001111111111111111111111111111111111111111111111111100000
000001111111111111111111111111111111111111111111111111100000
000001111111111111111111111111111111111111111111111111100000
000001111111111111111111111111111111111111111111111111100000
000001111111111111111111111111111111111111111111111111100000
000001111100000000000011110000000000000000011110001111100000
000001111100000000000111100000000000000000011110001111100000
000001111100000000001111000000000000000000011110001111100000
000001111100000000011110000000000000000000011111111111100000
000001111100000000111100000000000000000000011111111111100000
000001111100000001111000000000000000000000011111111111100000
000001111100000011110000000000000000000000011111111111100000
000001111100000111100000000000000000000000000000001111100000
000001111100001111000000000000000000000000000000001111100000
000001111100011110000000000000000000000000000000001111100000
000001111100111100000000000000000000000000000000001111100000
000001111101111000000000000000000000000000000000001111100000
000001111111110000000000000000000000000000000000001111100000
000001111111110000000000000000000000000000000000001111100000
000001111111110000000000000000000000000000000000001111100000
000001111111110000000000000000000000000000000000001111100000
000001111111100000000000111111111111000000000000001111100000
000001111111100000000000111111111111000000000000001111100000
000001111111100000000000111111111111111111111111111111100000
000001111111100000000000111111111111111111111111111111100000
000001111111100000000000111111111111111111111111111111100000
000001111111100000000000111100001111111111111111111111100000
000001111111111111111111111100001111000000000111111111100000
000001111111111111111111111111111111000000000111111111100000
000001111111111111111111111111111111000000000111111111100000
000001111111111111111111111111111111000000000111111111100000
000001111100000000000000111111111111000000000111111111100000
000001111100000000000000111111111111000000000111111111100000
000001111100000000000000000000000000000000000111101111100000
000001111100000000000000000000000000000000001111001111100000
000001111100000000000000000000000000000000011110001111100000
000001111100000000000000000000000000000000111100001111100000
000001111100000000000000000000000000000001111000001111100000
000001111111111110000000000000000000000011110000001111100000
000001111111111110000000000000000000000111100000001111100000
000001111111111110000000000000000000001111000000001111100000
000001111111111110000000000000000000011110000000001111100000
000001111100011110000000000000000000111100000000001111100000
000001111100011110000000000000000001111000000000001111100000
000001111100011110000000000000000011110000000000001111100000
000001111111111111111111111111111111111111111111111111100000
000001111111111111111111111111111111111111111111111111100000
000001111111111111111111111111111111111111111111111111100000
000001111111111111111111111111111111111111111111111111100000
000001111111111111111111111111111111111111111111111111100000
000000000000000000000000000000000000000000000000000000000000
000000000000000000000000000000000000000000000000000000000000
000000000000000000000000000000000000000000000000000000000000